
[[0.0652503, 0.0662413, 0.068424, 0.0681217, 0.0732996, 0.0692345, 0.0709826, 0.0745098, 0.078818, 0.0906727, 0.1], 
 [0.00410439, 0.00530402, 0.00528333, 0.00526272, 0.00563288, 0.00401784, 0.00554808, 0.00587034, 0.00253397, 0.000202786, 0], 
 [0.00293174, 0.00378862, 0.00377385, 0.00375912, 0.00402354, 0.00286992, 0.00396296, 0.00419316, 0.00181001, 0.00014485, 0], 
 [0.000194963, 0.000952832, 0.00248619, 0.00412282, 0.00511213, 0.00485576, 0.00519163, 0.00537731, 0.00453665, 0.00204497, 0], 
 [0.00932398, 0.00882591, 0.0073582, 0.00568453, 0.00422713, 0.00370071, 0.00321981, 0.00166877, 0.0003103, 5.52508e-06, 0], 
 [0.00639049, 0.00606301, 0.00508258, 0.00395602, 0.00295863, 0.00259705, 0.00226535, 0.00118009, 0.000220528, 3.94133e-06, 0], 
 [0.212138, 0.216351, 0.223308, 0.222311, 0.239194, 0.224827, 0.231707, 0.243272, 0.254808, 0.292517, 0.322581], 
 [0.186485, 0.189305, 0.195555, 0.194679, 0.209491, 0.197861, 0.202854, 0.212941, 0.225251, 0.259091, 0.285714], 
 [0.00018648, 0.000176516, 0.000147157, 0.000113682, 8.45331e-05, 7.40162e-05, 6.43886e-05, 3.33722e-05, 6.2054e-06, 1.10308e-07, -2.45403e-08], 
 [9.05599e-05, 0.000114245, 0.000112703, 0.000110731, 0.000116979, 8.41968e-05, 0.000114241, 0.000119171, 5.09995e-05, 4.18396e-06, 4.25301e-07]]
